1 3.07986e+06
2 5.79526e+06
3 1.02985e+07
4 1.46851e+07
5 1.81105e+07
6 2.23349e+07
7 2.52422e+07
8 2.88777e+07
9 3.23543e+07
10 3.55558e+07
11 3.91211e+07
12 4.26559e+07
13 4.57543e+07
14 4.90272e+07
15 4.85274e+07
16 5.10327e+07
17 5.55494e+07
18 5.77794e+07
19 6.19112e+07
20 6.4612e+07
21 6.6263e+07
22 6.65715e+07
23 7.35034e+07
24 7.76083e+07
25 6.84493e+07
26 6.79041e+07
27 7.17096e+07
28 7.63553e+07
29 8.03468e+07
30 8.18409e+07
31 8.1249e+07
32 8.327e+07
33 8.75151e+07
34 9.09842e+07
35 9.09911e+07
36 9.64505e+07
37 9.49317e+07
38 9.57829e+07
39 1.00096e+08
40 1.01893e+08
41 9.72783e+07
42 8.73911e+07
43 1.10935e+08
44 1.08415e+08
45 1.01402e+08
