1 2.78028e+06
2 3.92282e+06
3 5.5486e+06
4 6.34289e+06
5 6.55021e+06
6 6.12441e+06
7 6.61532e+06
8 7.1804e+06
9 5.9263e+06
10 7.68737e+06
11 6.5459e+06
12 6.31192e+06
13 6.56859e+06
14 7.05672e+06
15 6.3382e+06
16 6.08104e+06
17 6.21852e+06
18 7.04511e+06
19 6.40639e+06
20 6.07084e+06
21 6.71784e+06
22 6.52812e+06
23 5.92967e+06
24 6.67548e+06
25 6.93017e+06
26 6.16667e+06
27 6.5471e+06
28 7.35616e+06
29 6.88306e+06
30 6.92301e+06
31 7.21721e+06
32 7.32115e+06
33 8.19669e+06
34 7.45568e+06
35 8.78885e+06
36 8.27226e+06
37 8.34803e+06
38 1.00288e+07
39 8.25609e+06
40 8.96977e+06
41 9.38514e+06
42 9.31922e+06
43 8.90997e+06
44 1.13538e+07
45 1.00269e+07
