1 3.7342e+06
2 7.64523e+06
3 1.38761e+07
4 2.17321e+07
5 2.46575e+07
6 2.95661e+07
7 4.04383e+07
8 4.77864e+07
9 6.88522e+07
10 5.61857e+07
11 6.34808e+07
12 9.56565e+07
13 9.33936e+07
14 9.20443e+07
15 9.95449e+07
16 1.14332e+08
17 1.16235e+08
18 1.1925e+08
19 1.28057e+08
20 1.34004e+08
21 1.37959e+08
22 1.43675e+08
23 1.52138e+08
24 1.63822e+08
25 1.52323e+08
26 1.28893e+08
27 1.39118e+08
28 1.60501e+08
29 1.75703e+08
30 1.44968e+08
31 1.49039e+08
32 1.46775e+08
33 1.64573e+08
34 1.68052e+08
35 1.66504e+08
36 1.68694e+08
37 1.77573e+08
38 1.74597e+08
39 1.15198e+08
40 1.6879e+08
41 1.84796e+08
42 1.8308e+08
43 1.82224e+08
44 1.47985e+08
45 2.00777e+08
