1 5.92819e+06
2 6.20182e+06
3 6.97991e+06
4 6.42604e+06
5 7.64623e+06
6 7.698e+06
7 7.54927e+06
8 7.37074e+06
9 7.85035e+06
10 7.62315e+06
11 5.67536e+06
12 7.36808e+06
13 7.73593e+06
14 7.90615e+06
15 8.35226e+06
16 6.33593e+06
17 7.1425e+06
18 6.48342e+06
19 7.31322e+06
20 6.42183e+06
21 7.23281e+06
22 6.01482e+06
23 7.27825e+06
24 6.30455e+06
25 7.05648e+06
26 6.40422e+06
27 7.54505e+06
28 7.10948e+06
29 7.92046e+06
30 8.12803e+06
31 7.54035e+06
32 9.23521e+06
33 8.45989e+06
34 8.86143e+06
35 8.64369e+06
36 8.53298e+06
37 9.77451e+06
38 8.72315e+06
39 9.16399e+06
40 9.31085e+06
41 7.15749e+06
42 9.83496e+06
43 1.02439e+07
44 9.84493e+06
45 1.10888e+07
